1 08195U 75081A   25056.42620413 -.00000213  00000+0  00000+0 0  9999
2 08195  63.9528  85.6694 6761800 287.1121  13.2091  2.02060232362774
1 12624U 81070A   25055.87769740  .00000637  00000+0  14218-2 0  9999
2 12624  90.7350  43.2337 6241311   1.6318 359.6483  3.52822246708311        
1 44723U 19074L   25057.26366417  .00000827  00000+0  74458-4 0  9993
2 44723  53.0527  76.4555 0001506  97.0788 263.0372 15.06386394292187
1 25175U 98011A   25056.66809086  .00000038  00000+0  00000+0 0  9999
2 25175  30.0541 174.1911 5300112 248.5066  48.6105  4.38929530441930           
1 07780U 75036A   25056.20953640  .00000184  00000+0 -18813+0 0  9993
2 07780  63.6004 113.5327 6759373 282.0708  14.7322  2.00624270365378 
1 26410U 00041A   25057.69401142  .00000880  00000+0  00000+0 0  9998
2 26410 142.5900   6.3306 8122419 221.6044 359.8875  0.44769959 18175
